4294967294,0
123,4
4294967278,232
4294967278,230
4294967278,226
4294967278,386
4294967278,174
4294967278,384
4294967278,220
4294967278,216
4294967278,424
4294967278,392
4294967278,423
4294967278,355
4294967278,369
4294967278,416
4294967278,444
4294967278,415
4294967278,327
4294967278,334
4294967278,406
4294967278,405
4294967278,329
4294967278,414
4294967279,323
4294967278,326
4294967278,404
4294967278,348
4294967278,325
4294967279,328
4294967278,422
4294967279,327
4294967278,322
4294967278,321
4294967278,320
4294967278,318
4294967279,322
4294967278,399
4294967278,413
4294967278,315
4294967279,387
4294967278,181
4294967278,313
4294967278,312
4294967278,311
4294967279,399
4294967278,310
4294967279,314
4294967278,443
4294967279,313
4294967279,307
4294967279,306
4294967279,305
4294967278,260
4294967279,304
4294967279,447
4294967278,442
4294967279,298
4294967279,157
4294967279,174
4294967279,395
4294967294,15
4294967294,93
4294967294,95
4294967294,20
4294967294,50
4294967294,487
4294967278,441
119,2
4294967279,394
119,5
4294967294,114
4294967294,111
4294967294,422
4294967294,97
4294967294,61
4294967294,39
4294967294,386
4294967294,165
4294967294,24
4294967294,113
4294967294,167
4294967294,12
4294967294,18
4294967294,185
4294967294,1031
4294967294,68
4294967294,11
4294967294,17
4294967294,42
4294967294,67
4294967294,51
4294967294,116
4294967294,25
4294967294,26
4294967294,162
4294967294,1021
4294967279,291
4294967279,372
4294967279,0
121,2
125,5
4294967279,361
121,5
121,6
4294967294,22
122,2
0,5
4294967278,132
4294967278,131
4294967278,130
4294967278,129
4294967278,128
4294967278,127
4294967278,126
4294967278,125
4294967278,124
4294967278,123
4294967278,122
4294967278,121
4294967278,120
4294967278,119
4294967278,118
4294967278,117
4294967278,116
4294967278,115
4294967278,114
4294967278,113
4294967278,112
4294967278,111
4294967278,110
4294967278,109
4294967278,108
4294967278,107
4294967278,106
4294967278,105
4294967278,104
4294967278,103
4294967278,102
4294967278,101
4294967278,100
4294967278,99
4294967278,98
4294967278,97
4294967278,96
4294967278,95
4294967278,94
4294967278,93
4294967278,92
4294967278,91
4294967278,90
4294967278,89
4294967278,87
4294967278,86
4294967278,85
4294967278,84
4294967278,83
4294967278,82
4294967278,81
4294967278,80
4294967278,79
4294967278,78
4294967278,77
4294967278,76
4294967278,75
4294967278,74
4294967278,73
4294967278,72
4294967278,71
4294967278,70
4294967278,69
4294967278,68
4294967278,67
4294967278,66
4294967278,65
4294967278,64
4294967278,63
4294967278,62
4294967278,61
4294967278,0
4294967279,80
4294967279,79
4294967279,78
4294967279,76
4294967279,74
4294967279,72
4294967279,69
4294967279,66
4294967279,65
4294967279,64
4294967279,58
4294967279,56
4294967279,55
4294967279,54
4294967279,47
4294967279,46
4294967279,44
4294967279,41
4294967279,36
4294967279,35
4294967279,33
4294967279,27
4294967279,26
4294967279,25
4294967279,19
4294967279,17
4294967279,16
4294967279,10
4294967279,8
4294967279,7
4294967279,6
4294967279,5
4294967279,4
4243767290,0
4294967279,446
4294967279,445
4294967279,444
4294967279,443
4294967279,442
4294967279,441
4294967278,440
4294967278,439
4294967278,438
4294967278,437
4294967278,436
4243767290,118
4294967279,440
4294967278,435
4294967279,439
4294967279,438
4294967279,437
4243767290,117
4243767290,116
4243767290,115
4243767290,114
4243767290,113
4243767290,112
4243767290,111
4243767290,110
4243767290,109
4243767290,108
4243767290,107
4243767290,106
4243767290,105
4243767290,104
4243767290,103
4243767290,102
4243767290,101
4243767290,100
4243767290,99
4243767290,98
4243767290,97
4243767290,96
4243767290,95
4243767290,94
4243767290,93
4243767290,92
4243767290,91
4243767290,90
4243767290,89
4243767290,88
4243767290,87
4243767290,86
4243767290,85
4243767290,84
4243767290,83
4243767290,82
4243767290,81
4243767290,80
4243767290,79
4243767290,78
4243767290,77
4243767290,76
4243767290,75
4243767290,74
4243767290,73
4243767290,72
4243767290,71
4243767290,70
4243767290,69
4243767290,68
4243767290,67
4243767290,66
4243767290,65
4243767290,64
4243767290,35
4243767290,34
4243767290,33
4243767290,32
4243767290,31
4243767290,30
4243767290,29
4243767290,28
4243767290,27
4243767290,26
4243767290,25
4243767290,24
4243767290,23
4243767290,22
4243767290,21
4243767290,20
4243767290,19
4243767290,18
4243767290,17
4243767290,16
4243767290,15
4243767290,14
4243767290,13
4243767290,12
4243767290,11
4243767290,10
4243767290,9
4243767290,8
4243767290,7
4243767290,6
4243767290,5
4243767290,4
4243767290,3
4243767290,2
4294967278,434
4294967279,436
4294967279,435
4294967279,434
4294967279,433
4294967279,432
4294967278,433
4294967278,432
4294967279,431
4294967278,431
4294967279,430
4294967278,430
4294967279,429
4294967278,429
4294967278,428
4294967278,427
4294967279,428
4294967278,426
4294967279,427
4294967294,471
4294967293,131
4294967293,130
4294967293,129
4294967293,128
4294967293,127
4294967293,126
4294967293,125
4294967293,124
4294967293,123
4294967293,122
4294967293,121
4294967293,120
4294967293,119
4294967293,118
4294967293,117
4294967293,116
4294967293,115
4294967293,114
4294967293,113
4294967293,112
4294967293,111
4294967293,110
4294967293,109
4294967293,108
4294967293,107
4294967293,106
4294967293,105
4294967293,104
4294967293,103
4294967293,102
4294967293,101
4294967293,100
4294967293,99
4294967293,98
4294967293,97
4294967293,96
4294967293,95
4294967293,94
4294967293,93
4294967293,92
4294967293,91
4294967293,90
4294967293,89
4294967293,88
4294967293,87
4294967293,86
4294967293,85
4294967293,84
4294967293,83
4294967293,82
4294967293,81
4294967293,80
4294967293,79
4294967293,78
4294967293,77
4294967293,76
4294967293,75
4294967293,74
4294967293,73
4294967293,72
4294967293,71
4294967293,70
4294967293,69
4294967293,68
4294967293,67
4294967293,66
4294967293,65
4294967293,64
4294967293,63
4294967293,62
4294967293,61
4294967293,60
4294967293,59
4294967293,58
4294967293,57
4294967293,56
4294967293,55
4294967293,54
4294967293,53
4294967293,52
4294967293,51
4294967293,50
4294967293,49
4294967293,48
4294967293,47
4294967293,46
4294967293,45
4294967293,44
4294967293,43
4294967293,42
4294967293,41
4294967293,40
4294967293,39
4294967293,38
4294967293,37
4294967293,36
4294967293,35
4294967293,34
4294967293,33
4294967293,32
4294967293,31
4294967293,30
4294967293,29
4294967293,28
4294967293,27
4294967293,26
4294967293,25
4294967293,24
4294967293,23
4294967293,22
4294967293,21
4294967293,20
4294967293,19
4294967293,18
4294967293,17
4294967293,16
4294967293,15
4294967293,14
4294967293,13
4294967293,12
4294967293,11
4294967293,10
4294967293,9
4294967293,8
4294967293,7
4294967293,6
4294967293,5
4294967293,4
4294967293,3
4294967293,2
4243767289,0
4243767288,0
4243767287,0
4243767286,0
4243767285,0
4243767284,0
